3,8,15,22
1,5,9,14,27
2,6,18,21
4,7,12,19,25
10,13,17,23
11,16,20,24,30
5,8,14,18
2,9,15,28
6,12,19,21,29
7,13,22,26
1,4,10,16,23
3,11,17,25
8,14,20,27
2,6,9,18,24
5,12,15,30
7,19,21,28
4,13,16,22
10,17,23,29
1,8,14,26
6,11,20,25
3,9,12,18,24
2,7,15,19
5,10,21,27
4,11,16,30
8,13,22,28
1,6,17,23
9,14,20,29
3,12,18,25
7,15,21,26
2,10,19,24
5,8,16,22
4,9,13,27
6,11,17,28
1,12,18,23
3,14,20,30
7,10,21,25
2,15,19,29
8,16,24,26
5,9,22,27
4,13,17,21
6,12,18,28
1,10,14,25
3,7,20,23
2,11,16,26
5,15,19,30
8,12,21,24
4,9,17,28
6,13,22,29
1,18,23,27
7,10,14,20
2,8,15,25
3,11,19,26
5,12,16,24
4,7,21,30
6,9,18,22
1,13,20,28
2,10,17,23
8,14,19,27
3,15,21,29
4,11,16,25
7,12,18,26
5,9,22,30
1,6,14,24
2,13,19,28
3,8,17,23
4,10,20,27
6,15,21,29
7,11,16,25
5,12,18,26
1,9,22,30
2,14,19,24
3,10,17,28
4,8,21,23
6,13,16,27
5,11,20,29
1,12,18,25
7,9,22,26
2,15,19,30
3,14,21,24
4,10,16,28
6,8,17,23
5,13,18,27
1,9,20,26
2,11,22,29
3,12,16,25
4,14,19,28
7,10,21,30
6,15,18,24
5,8,17,26
1,13,22,27
2,9,16,23
3,11,20,28
4,12,19,25
6,14,21,29
5,10,18,24
1,7,17,26
2,8,22,30
3,13,16,27
4,9,20,23
6,12,19,28
